Done counting
S1
bigram
Discount Perplexity
0.1 111.39761909
0.2 113.351067324
0.3 115.523158594
0.4 117.97677322
0.5 120.808826634
0.6 124.18120636
0.7 128.39787377
0.8 134.147341747
0.9 143.67876921


trigram
discount perplexity
0.1 53.8630091009
0.2 55.7886995543
0.3 57.9952663599
0.4 60.5729374932
0.5 63.6637854235
0.6 67.5108827111
0.7 72.5835569444
0.8 79.9827933704
0.9 93.495179098
S2
bigram
Discount Perplexity
0.1 147.907852641
0.2 152.018893701
0.3 156.66254934
0.4 162.0001821
0.5 168.282825973
0.6 175.934256072
0.7 185.760167365
0.8 199.615059988
0.9 223.705647313


trigram
discount perplexity
0.1 64.375113923
0.2 67.1549454253
0.3 70.3820515391
0.4 74.2077824963
0.5 78.8732893297
0.6 84.7966949096
0.7 92.7979859452
0.8 104.83850027
0.9 127.856978022
S3
bigram
Discount Perplexity
0.1 121.022412735
0.2 122.998270229
0.3 125.190263696
0.4 127.660065451
0.5 130.502605657
0.6 133.876228345
0.7 138.077751076
0.8 143.77812852
0.9 153.162599364


trigram
discount perplexity
0.1 56.7761080496
0.2 58.7627025332
0.3 61.0363458674
0.4 63.6888254726
0.5 66.8645253252
0.6 70.8101952185
0.7 76.0016354322
0.8 83.5531693239
0.9 97.2879593903
S4
bigram
Discount Perplexity
0.1 200.634043599
0.2 205.485451825
0.3 210.940688112
0.4 217.179851967
0.5 224.482270603
0.6 233.317835909
0.7 244.576195733
0.8 260.294066643
0.9 287.232334766


trigram
discount perplexity
0.1 81.5922571508
0.2 84.9301577864
0.3 88.7929631435
0.4 93.3561805079
0.5 98.8986600219
0.6 105.902327412
0.7 115.308665681
0.8 129.358611598
0.9 155.92245299
